0 0.007810 0.469705 0.015620 0.035410
0 0.275590 0.494390 0.013180 0.026380
0 0.059075 0.478065 0.019530 0.020130
0 0.005125 0.476040 0.010250 0.027080
0 0.066645 0.476645 0.033690 0.025690
0 0.139095 0.480480 0.025390 0.029160
0 0.152830 0.456210 0.022460 0.022220
0 0.145745 0.464550 0.033690 0.037500
0 0.100095 0.475330 0.030270 0.029860
0 0.118870 0.478455 0.022940 0.036110
0 0.132025 0.472910 0.043450 0.047220
0 0.081540 0.474275 0.055660 0.030550
0 0.173730 0.494390 0.022460 0.076380
0 0.483550 0.454450 0.165500 0.347900