1 0.142275 0.475610 0.056150 0.047220
1 0.306865 0.480535 0.031730 0.040270
1 0.167190 0.490935 0.013180 0.015270
1 0.078845 0.475680 0.020010 0.029160
1 0.179420 0.481535 0.019040 0.028470
1 0.160845 0.478805 0.033690 0.035410
1 0.139610 0.480465 0.032220 0.033330
1 0.010250 0.477345 0.020500 0.025690
1 0.151320 0.477415 0.014640 0.032630
1 0.090080 0.474625 0.035640 0.031250
1 0.124950 0.480130 0.037100 0.029860
1 0.220130 0.485035 0.039060 0.053470
1 0.349070 0.483235 0.060540 0.065270
1 0.527335 0.477700 0.080070 0.200000