6 0.183340 0.435000 0.042480 0.111800
6 0.306055 0.363860 0.011710 0.034720
6 0.143945 0.405895 0.029290 0.088190
6 0.308100 0.373940 0.016600 0.052080
6 0.157635 0.403060 0.046870 0.071520
6 0.191370 0.421095 0.027340 0.063190
6 0.169100 0.432600 0.028800 0.119400
6 0.187165 0.410000 0.015130 0.036800
6 0.175685 0.416280 0.034170 0.067360
6 0.169170 0.403735 0.022940 0.053470
6 0.318085 0.379140 0.038570 0.063880
6 0.193590 0.465200 0.029780 0.162400
6 0.153965 0.433650 0.048330 0.145100
6 0.321000 0.441900 0.101000 0.231200
6 0.178460 0.466250 0.057120 0.189500
6 0.318575 0.438150 0.039550 0.206900
6 0.420580 0.458250 0.047360 0.177700