6 0.320480 0.639190 0.047360 0.039580
6 0.296795 0.640915 0.041990 0.045830
6 0.730400 0.654105 0.083000 0.098610
6 0.469100 0.641295 0.129800 0.088190
6 0.750925 0.677770 0.031250 0.056940
6 0.724760 0.630805 0.057120 0.060410
6 0.760170 0.603095 0.043940 0.063190
6 0.883465 0.657280 0.031730 0.042360
6 0.218925 0.034365 0.026850 0.025690
6 0.230925 0.061105 0.031250 0.052770
6 0.130360 0.045480 0.044920 0.046520
6 0.220380 0.046175 0.030760 0.047910
6 0.307115 0.637800 0.023430 0.036800
6 0.247005 0.064580 0.041010 0.047220
6 0.738955 0.616575 0.082510 0.080550
6 0.929100 0.683665 0.123000 0.095130
6 0.718905 0.702300 0.095210 0.104800
6 0.506000 0.648920 0.102000 0.081240
6 0.434760 0.640230 0.057120 0.091660
6 0.041500 0.820050 0.083000 0.306900