6 0.626370 0.660360 0.060540 0.034720
6 0.540500 0.666965 0.033200 0.020130
6 0.471350 0.641580 0.107900 0.079160
6 0.690800 0.723855 0.105400 0.097910
6 0.905220 0.647520 0.056640 0.056240
6 0.481145 0.645100 0.050290 0.075000
6 0.218485 0.031935 0.021970 0.018050
6 0.320465 0.638485 0.048330 0.040970
6 0.885455 0.639535 0.016110 0.040270
6 0.622010 0.636440 0.065420 0.077080
6 0.937650 0.677350 0.121500 0.114500
6 0.637880 0.622545 0.030760 0.050690
6 0.307760 0.637800 0.023920 0.036800
6 0.624905 0.628105 0.057610 0.060410
6 0.506750 0.649270 0.101500 0.081940
6 0.130345 0.045130 0.045890 0.044440
6 0.254830 0.072910 0.055660 0.037500
6 0.435005 0.640230 0.057610 0.091660
6 0.222830 0.049300 0.034660 0.051380
6 0.690425 0.632915 0.064450 0.082630
6 0.076650 0.881550 0.153300 0.190900