0 0.782910 0.487100 0.053220 0.086800
0 0.703080 0.465255 0.026360 0.061110
0 0.821445 0.122905 0.033690 0.052770
0 0.840495 0.444005 0.020990 0.035410
0 0.810035 0.471845 0.030270 0.050690
0 0.993135 0.469415 0.013670 0.045830
0 0.701360 0.465850 0.057120 0.104100
0 0.702385 0.450685 0.021970 0.027770
0 0.798555 0.474280 0.032710 0.054160
0 0.717485 0.465960 0.038570 0.059720
0 0.837845 0.461720 0.029290 0.069440
0 0.895970 0.453055 0.027340 0.072910
0 0.681805 0.466550 0.045410 0.105500
0 0.754055 0.490255 0.032710 0.086110
0 0.496050 0.495700 0.109300 0.213800