0 0.989905 0.425000 0.020010 0.050000
0 0.750670 0.464180 0.022940 0.067360
0 0.994055 0.467315 0.011710 0.070830
0 0.988985 0.457285 0.021970 0.090970
0 0.776560 0.480830 0.040520 0.079860
0 0.753395 0.482950 0.041990 0.099300
0 0.823395 0.452685 0.020990 0.052770
0 0.748220 0.442640 0.019040 0.027080
0 0.977970 0.450300 0.043940 0.102000
0 0.946225 0.459950 0.064450 0.113100
0 0.605630 0.466550 0.034660 0.102700
0 0.883255 0.477050 0.086910 0.108300
0 0.753900 0.491550 0.083000 0.101300
0 0.212750 0.521450 0.192300 0.379100