1 0.914735 0.506560 0.025870 0.046520
1 0.983565 0.448150 0.031730 0.117300
1 0.989650 0.480150 0.020500 0.145100
1 0.854650 0.489500 0.041500 0.122200
1 0.988730 0.424615 0.022460 0.082630
1 0.927640 0.453750 0.071280 0.171500
1 0.902565 0.491285 0.048330 0.090970
1 0.993390 0.425660 0.013180 0.059720
1 0.909145 0.410340 0.029290 0.088880
1 0.992110 0.451365 0.015620 0.083330
1 0.906910 0.450600 0.036620 0.172200
1 0.932250 0.487700 0.112700 0.125600
1 0.820750 0.481850 0.109300 0.362500
1 0.722100 0.467300 0.114200 0.195800