0 0.784130 0.457240 0.022460 0.052080
0 0.831530 0.462475 0.022460 0.080550
0 0.853925 0.474635 0.031250 0.053470
0 0.992880 0.468720 0.014160 0.044440
0 0.845930 0.464865 0.034660 0.095130
0 0.759245 0.448950 0.012690 0.024300
0 0.836905 0.434650 0.024410 0.037500
0 0.883980 0.466290 0.047360 0.089580
0 0.750880 0.462150 0.026360 0.049300
0 0.801020 0.465595 0.019040 0.063190
0 0.771900 0.467000 0.033200 0.061800
0 0.758940 0.459020 0.017080 0.044440
0 0.790680 0.466985 0.030760 0.065970
0 0.864675 0.461770 0.035150 0.081940
0 0.837625 0.476365 0.026850 0.058330
0 0.895915 0.463825 0.040030 0.068050
0 0.225280 0.558600 0.047360 0.136800
0 0.113760 0.528050 0.191400 0.293700