1 0.735520 0.551000 0.068840 0.135400
1 0.618830 0.474300 0.076660 0.100000
1 0.764150 0.501300 0.037100 0.145800
1 0.990430 0.428375 0.018060 0.080550
1 0.758025 0.468040 0.026850 0.088880
1 0.728925 0.574600 0.047850 0.061800
1 0.981180 0.434655 0.030760 0.086110
1 0.754865 0.443380 0.019530 0.042360
1 0.989710 0.446095 0.015620 0.038190
1 0.592480 0.473180 0.030760 0.092360
1 0.965795 0.432200 0.025390 0.100600
1 0.645205 0.484000 0.062010 0.122200
1 0.226950 0.585350 0.151300 0.259700
1 0.743845 0.504050 0.083490 0.254100