0 0.995594 0.486060 0.008789 0.034720
0 0.153060 0.478780 0.023920 0.017360
0 0.624685 0.447190 0.021970 0.026380
0 0.728735 0.414205 0.025870 0.035410
0 0.280000 0.488850 0.012200 0.012500
0 0.461120 0.464160 0.019040 0.021520
0 0.316560 0.470740 0.023920 0.013880
0 0.858065 0.446845 0.015130 0.025690
0 0.322965 0.493380 0.015130 0.017360
0 0.246520 0.444700 0.014640 0.011800
0 0.376185 0.463500 0.038570 0.036800
0 0.848300 0.447540 0.028800 0.027080
0 0.259225 0.460730 0.031250 0.029860
0 0.411770 0.465560 0.081540 0.096520
0 0.684965 0.496150 0.085930 0.074300
0 0.790400 0.476950 0.171800 0.152700
0 0.521850 0.464500 0.108300 0.118000