0 0.150615 0.479120 0.027830 0.019440
0 0.067865 0.471855 0.024410 0.022910
0 0.481120 0.449210 0.035640 0.047220
0 0.992880 0.471835 0.014160 0.053470
0 0.805615 0.473915 0.023430 0.032630
0 0.038566 0.467690 0.007812 0.014580
0 0.279735 0.488840 0.013670 0.013880
0 0.254370 0.450590 0.027340 0.026380
0 0.995594 0.483255 0.008789 0.036110
0 0.247225 0.444000 0.010250 0.011800
0 0.259025 0.461790 0.026850 0.026380
0 0.666215 0.480840 0.044430 0.052080
0 0.372955 0.465875 0.053710 0.055550
0 0.510660 0.448180 0.094720 0.092360