7 0.131580 0.489165 0.014160 0.020130
7 0.792435 0.501355 0.013670 0.011110
7 0.838335 0.517315 0.030270 0.020830
7 0.760710 0.543740 0.048820 0.038880
7 0.239240 0.481935 0.021480 0.015270
7 0.932355 0.513840 0.016110 0.013880
7 0.048580 0.478795 0.008300 0.013190
7 0.431110 0.495035 0.015620 0.015270
7 0.744050 0.505890 0.020500 0.014580
7 0.259935 0.462135 0.025870 0.028470
7 0.969955 0.516995 0.016110 0.013190
7 0.984065 0.539850 0.031730 0.024300
7 0.680340 0.581555 0.059080 0.097910
7 0.528505 0.582975 0.062010 0.093750