1 0.150615 0.479120 0.027830 0.019440
1 0.067865 0.471855 0.024410 0.022910
1 0.481120 0.449210 0.035640 0.047220
1 0.992880 0.471835 0.014160 0.053470
1 0.805615 0.473915 0.023430 0.032630
1 0.038566 0.467690 0.007812 0.014580
1 0.279735 0.488840 0.013670 0.013880
1 0.254370 0.450590 0.027340 0.026380
1 0.995594 0.483255 0.008789 0.036110
1 0.247225 0.444000 0.010250 0.011800
1 0.259025 0.461790 0.026850 0.026380
1 0.666215 0.480840 0.044430 0.052080
1 0.372955 0.465875 0.053710 0.055550
1 0.510660 0.448180 0.094720 0.092360