7 0.635440 0.516985 0.017080 0.015970
7 0.796562 0.567310 0.007324 0.022220
7 0.375420 0.511075 0.014640 0.030550
7 0.451370 0.502340 0.022940 0.027080
7 0.239460 0.461400 0.023920 0.036800
7 0.308030 0.475625 0.022460 0.018050
7 0.403775 0.510410 0.018550 0.022220
7 0.240880 0.448895 0.014160 0.013190
7 0.599583 0.511755 0.009765 0.011110
7 0.955000 0.536395 0.016600 0.013190
7 0.477225 0.508595 0.010250 0.013190
7 0.732155 0.643300 0.065910 0.086800
7 0.801985 0.661735 0.055170 0.040270
7 0.234355 0.475650 0.011710 0.012500
7 0.494800 0.512400 0.028800 0.025000
7 0.508282 0.490930 0.009765 0.016660
7 0.780750 0.679800 0.153300 0.141600
7 0.450340 0.497490 0.017080 0.014580
7 0.917670 0.520730 0.022940 0.016660
7 0.385950 0.507540 0.008300 0.013880
7 0.831745 0.526725 0.033690 0.031250
7 0.492400 0.483985 0.012200 0.027770
7 0.861950 0.702000 0.130300 0.120800
7 0.718650 0.630855 0.037100 0.072910
7 0.254370 0.466930 0.027340 0.029860
7 0.374215 0.506585 0.011230 0.015970
7 0.411615 0.502715 0.023430 0.020830
7 0.498995 0.484675 0.025390 0.030550
7 0.350290 0.488885 0.013180 0.027770
7 0.718010 0.609680 0.036620 0.029160
7 0.737720 0.677650 0.073240 0.129100
7 0.556070 0.495065 0.010740 0.033330
7 0.836850 0.740900 0.168900 0.173600
7 0.586140 0.626650 0.092280 0.120100
7 0.719950 0.731900 0.166500 0.215200