1 0.741415 0.436090 0.027830 0.076380
1 0.509680 0.461390 0.026360 0.064580
1 0.471595 0.454440 0.041990 0.077080
1 0.507735 0.448170 0.013670 0.043740
1 0.248690 0.444440 0.013180 0.013880
1 0.277545 0.438160 0.033690 0.034720
1 0.356420 0.463165 0.056640 0.033330
1 0.258285 0.461400 0.034170 0.036800
1 0.333965 0.455835 0.069330 0.053470
1 0.371970 0.460735 0.027340 0.028470
1 0.284365 0.453455 0.048330 0.061110
1 0.492425 0.456170 0.026850 0.081940
1 0.521900 0.468300 0.033200 0.061800
1 0.429370 0.447815 0.022940 0.095830
1 0.702130 0.446800 0.055660 0.129800
1 0.908665 0.503750 0.085930 0.313100