0 0.446750 0.499250 0.102500 0.184700
0 0.743820 0.497140 0.019040 0.038880
0 0.762610 0.493705 0.032220 0.048610
0 0.389870 0.565900 0.064940 0.143000
0 0.316640 0.541950 0.092280 0.220100
0 0.563865 0.350290 0.069330 0.064580
0 0.256755 0.423850 0.070310 0.215900
0 0.369300 0.471800 0.192800 0.302000
0 0.776360 0.498900 0.044920 0.061800
0 0.044670 0.447510 0.022940 0.034020
0 0.300900 0.483250 0.158600 0.336100
0 0.142790 0.474950 0.046380 0.161100
0 0.460920 0.494750 0.056640 0.142300
0 0.407650 0.438150 0.253900 0.484700