0 0.278295 0.435685 0.025390 0.040970
0 0.372950 0.416630 0.020500 0.041660
0 0.228745 0.439570 0.033690 0.056940
0 0.191115 0.460760 0.061030 0.071520
0 0.279505 0.495410 0.062010 0.084020
0 0.300000 0.492965 0.028800 0.058330
0 0.351795 0.477730 0.037590 0.091660
0 0.240875 0.463850 0.056150 0.106900
0 0.339025 0.493015 0.060050 0.070830
0 0.173015 0.451990 0.027830 0.051380
0 0.307085 0.492310 0.017570 0.047220
0 0.323210 0.493340 0.048820 0.052080
0 0.221415 0.471100 0.027830 0.100600
0 0.263625 0.474900 0.081050 0.125000
0 0.337125 0.457550 0.060050 0.183300