6 0.689650 0.380100 0.074700 0.104800
6 0.689650 0.380100 0.074700 0.104800
6 0.702110 0.343660 0.032220 0.034720
6 0.702110 0.343660 0.032220 0.034720
6 0.347600 0.424225 0.016600 0.018050
6 0.347600 0.424225 0.016600 0.018050
6 0.636900 0.390200 0.109800 0.143000
6 0.636900 0.390200 0.109800 0.143000
6 0.672345 0.352350 0.029290 0.024300
6 0.672345 0.352350 0.029290 0.024300
6 0.689355 0.347850 0.053710 0.037500
6 0.689355 0.347850 0.053710 0.037500
6 0.734830 0.402400 0.055660 0.136800
6 0.734830 0.402400 0.055660 0.136800
6 0.602505 0.404100 0.041010 0.113800
6 0.602505 0.404100 0.041010 0.113800
6 0.873990 0.422150 0.050780 0.154100
6 0.873990 0.422150 0.050780 0.154100
6 0.899400 0.388100 0.099600 0.245800
6 0.899400 0.388100 0.099600 0.245800
6 0.667400 0.443350 0.131800 0.271500
6 0.667400 0.443350 0.131800 0.271500
6 0.464500 0.420050 0.250400 0.456900
6 0.464500 0.420050 0.250400 0.456900