6 0.985515 0.351375 0.027830 0.030550
6 0.985515 0.351375 0.027830 0.030550
6 0.341030 0.421860 0.018060 0.021520
6 0.341030 0.421860 0.018060 0.021520
6 0.693806 0.258940 0.007812 0.013880
6 0.693806 0.258940 0.007812 0.013880
6 0.693550 0.307540 0.008300 0.013880
6 0.693550 0.307540 0.008300 0.013880
6 0.960180 0.404100 0.030760 0.113800
6 0.960180 0.404100 0.030760 0.113800
6 0.984835 0.400300 0.030270 0.127000
6 0.984835 0.400300 0.030270 0.127000
6 0.738255 0.396450 0.053710 0.179100
6 0.738255 0.396450 0.053710 0.179100
6 0.871000 0.410700 0.049800 0.161800
6 0.871000 0.410700 0.049800 0.161800