0 0.954285 0.398605 0.038570 0.073610
0 0.639145 0.424285 0.012690 0.052770
0 0.972085 0.391645 0.034170 0.087490
0 0.693562 0.309290 0.007324 0.014580
0 0.632305 0.433960 0.024410 0.084720
0 0.344645 0.421165 0.012690 0.020130
0 0.375715 0.408990 0.027830 0.026380
0 0.993800 0.395085 0.012200 0.077770
0 0.985515 0.394045 0.027830 0.075690
0 0.310730 0.403770 0.018060 0.043740
0 0.955475 0.398885 0.018550 0.065970
0 0.859770 0.411055 0.027340 0.086110
0 0.922030 0.409650 0.051260 0.186100
0 0.612480 0.404450 0.063960 0.165900
0 0.506300 0.409650 0.182600 0.355500