1 0.954285 0.398605 0.038570 0.073610
1 0.639145 0.424285 0.012690 0.052770
1 0.972085 0.391645 0.034170 0.087490
1 0.693562 0.309290 0.007324 0.014580
1 0.632305 0.433960 0.024410 0.084720
1 0.344645 0.421165 0.012690 0.020130
1 0.375715 0.408990 0.027830 0.026380
1 0.993800 0.395085 0.012200 0.077770
1 0.985515 0.394045 0.027830 0.075690
1 0.310730 0.403770 0.018060 0.043740
1 0.955475 0.398885 0.018550 0.065970
1 0.859770 0.411055 0.027340 0.086110
1 0.922030 0.409650 0.051260 0.186100
1 0.612480 0.404450 0.063960 0.165900
1 0.506300 0.409650 0.182600 0.355500