5 0.870755 0.407280 0.032710 0.067360
5 0.455995 0.456550 0.025390 0.074300
5 0.324645 0.410335 0.045890 0.040270
5 0.336125 0.417280 0.026850 0.029160
5 0.271685 0.404770 0.038570 0.031940
5 0.446985 0.430850 0.055170 0.121500
5 0.954010 0.396840 0.015620 0.052080
5 0.472325 0.417970 0.026850 0.081940
5 0.310705 0.406215 0.020010 0.045830
5 0.429630 0.441600 0.039060 0.115200
5 0.671550 0.431500 0.024900 0.107600
5 0.369305 0.450650 0.045410 0.131900
5 0.519715 0.428400 0.044430 0.112400
5 0.596890 0.424900 0.029780 0.118000
5 0.442095 0.316550 0.096190 0.402700