6 0.530925 0.479440 0.026850 0.052080
6 0.530925 0.479440 0.026850 0.052080
6 0.531700 0.499225 0.033200 0.093050
6 0.531700 0.499225 0.033200 0.093050
6 0.602030 0.434690 0.022460 0.026380
6 0.602030 0.434690 0.022460 0.026380
6 0.545605 0.507850 0.062010 0.114500
6 0.545605 0.507850 0.062010 0.114500
6 0.569250 0.480150 0.109300 0.168700
6 0.569250 0.480150 0.109300 0.168700
6 0.474600 0.507200 0.125000 0.153400
6 0.474600 0.507200 0.125000 0.153400
6 0.771965 0.485300 0.085930 0.119400
6 0.771965 0.485300 0.085930 0.119400
6 0.656395 0.492250 0.054190 0.109700
6 0.656395 0.492250 0.054190 0.109700
6 0.327600 0.495800 0.172800 0.222200
6 0.327600 0.495800 0.172800 0.222200