6 0.394765 0.502400 0.073730 0.160400
6 0.394765 0.502400 0.073730 0.160400
6 0.121335 0.432200 0.056150 0.103400
6 0.121335 0.432200 0.056150 0.103400
6 0.440640 0.506500 0.075680 0.161800
6 0.440640 0.506500 0.075680 0.161800
6 0.074950 0.544350 0.149900 0.329100
6 0.074950 0.544350 0.149900 0.329100
6 0.531700 0.498200 0.116200 0.175600
6 0.531700 0.498200 0.116200 0.175600
6 0.346600 0.515900 0.164000 0.241600
6 0.346600 0.515900 0.164000 0.241600
6 0.193550 0.545450 0.163500 0.224300
6 0.193550 0.545450 0.163500 0.224300