7 0.172810 0.534305 0.032220 0.035410
7 0.362710 0.565210 0.015620 0.022220
7 0.407185 0.565240 0.034170 0.038880
7 0.386670 0.567670 0.043940 0.043740
7 0.196965 0.543730 0.073730 0.066660
7 0.423090 0.565240 0.046380 0.038880
7 0.485520 0.557270 0.035640 0.043740
7 0.452050 0.561780 0.101500 0.054160
7 0.211105 0.554445 0.045410 0.050690
7 0.378105 0.580540 0.045410 0.063880
7 0.343180 0.558650 0.026360 0.049300
7 0.647645 0.551000 0.050290 0.036800
7 0.279010 0.581190 0.036620 0.051380
7 0.892550 0.641955 0.110300 0.097910